0.000000000000000000e+00 0.000000000000000000e+00
3.906250000000000000e-03 1.171848178094023196e-02
7.812500000000000000e-03 2.343535429172257170e-02
1.171875000000000000e-02 3.514900848318622262e-02
1.562500000000000000e-02 4.685783574813424252e-02
1.953125000000000000e-02 5.856022814223955930e-02
2.343750000000000000e-02 7.025457860486004902e-02
2.734375000000000000e-02 8.193928117973213465e-02
3.125000000000000000e-02 9.361273123551289155e-02
3.515625000000000000e-02 1.052733256861399930e-01
3.906250000000000000e-02 1.169194632109796517e-01
4.296875000000000000e-02 1.285495444747319638e-01
4.687500000000000000e-02 1.401619723470637069e-01
5.078125000000000000e-02 1.517551521219382971e-01
5.468750000000000000e-02 1.633274917366128454e-01
5.859375000000000000e-02 1.748774019902721855e-01
6.250000000000000000e-02 1.864032967622698822e-01
6.640625000000000000e-02 1.979035932299462730e-01
7.031250000000000000e-02 2.093767120859936492e-01
7.421875000000000000e-02 2.208210777553384907e-01
7.812500000000000000e-02 2.322351186115114707e-01
8.203125000000000000e-02 2.436172671924748956e-01
8.593750000000000000e-02 2.549659604158784898e-01
8.984375000000000000e-02 2.662796397937135517e-01
9.375000000000000000e-02 2.775567516463363082e-01
9.765625000000000000e-02 2.887957473158310195e-01
1.015625000000000000e-01 2.999950833786830251e-01
1.054687500000000000e-01 3.111532218577336972e-01
1.093750000000000000e-01 3.222686304333866048e-01
1.132812500000000000e-01 3.333397826540376307e-01
1.171875000000000000e-01 3.443651581456984023e-01
1.210937500000000000e-01 3.553432428207857763e-01
1.250000000000000000e-01 3.662725290860475713e-01
1.289062500000000000e-01 3.771515160495967356e-01
1.328125000000000000e-01 3.879787097270250285e-01
1.367187500000000000e-01 3.987526232465684051e-01
1.406250000000000000e-01 4.094717770532950718e-01
1.445312500000000000e-01 4.201346991122895114e-01
1.484375000000000000e-01 4.307399251108032234e-01
1.523437500000000000e-01 4.412859986593450357e-01
1.562500000000000000e-01 4.517714714916837848e-01
1.601562500000000000e-01 4.621949036637348907e-01
1.640625000000000000e-01 4.725548637513044548e-01
1.679687500000000000e-01 4.828499290466631289e-01
1.718750000000000000e-01 4.930786857539230517e-01
1.757812500000000000e-01 5.032397291831910424e-01
1.796875000000000000e-01 5.133316639434711837e-01
1.835937500000000000e-01 5.233531041342902590e-01
1.875000000000000000e-01 5.333026735360201220e-01
1.914062500000000000e-01 5.431790057988707954e-01
1.953125000000000000e-01 5.529807446305273766e-01
1.992187500000000000e-01 5.627065439824068260e-01
2.031250000000000000e-01 5.723550682345072138e-01
2.070312500000000000e-01 5.819249923788253342e-01
2.109375000000000000e-01 5.914150022013162644e-01
2.148437500000000000e-01 6.008237944623721072e-01
2.187500000000000000e-01 6.101500770757913861e-01
2.226562500000000000e-01 6.193925692862192189e-01
2.265625000000000000e-01 6.285500018450296267e-01
2.304687500000000000e-01 6.376211171846285497e-01
2.343750000000000000e-01 6.466046695911523701e-01
2.382812500000000000e-01 6.554994253755387357e-01
2.421875000000000000e-01 6.643041630429462607e-01
2.460937500000000000e-01 6.730176734604990108e-01
2.500000000000000000e-01 6.816387600233341226e-01
2.539062500000000000e-01 6.901662388189283570e-01
2.578125000000000000e-01 6.985989387896817115e-01
2.617187500000000000e-01 7.069357018937364456e-01
2.656250000000000000e-01 7.151753832640076469e-01
2.695312500000000000e-01 7.233168513654049114e-01
2.734375000000000000e-01 7.313589881502235990e-01
2.773437500000000000e-01 7.393006892116835704e-01
2.812500000000000000e-01 7.471408639355942016e-01
2.851562500000000000e-01 7.548784356501263559e-01
2.890625000000000000e-01 7.625123417736683340e-01
2.929687500000000000e-01 7.700415339607483700e-01
2.968750000000000000e-01 7.774649782460008041e-01
3.007812500000000000e-01 7.847816551861581669e-01
3.046875000000000000e-01 7.919905600000485268e-01
3.085937500000000000e-01 7.990907027065802248e-01
3.125000000000000000e-01 8.060811082606930134e-01
3.164062500000000000e-01 8.129608166872586139e-01
3.203125000000000000e-01 8.197288832129119296e-01
3.242187500000000000e-01 8.263843783957944833e-01
3.281250000000000000e-01 8.329263882531919849e-01
3.320312500000000000e-01 8.393540143870498182e-01
3.359375000000000000e-01 8.456663741073474627e-01
3.398437500000000000e-01 8.518626005533163070e-01
3.437500000000000000e-01 8.579418428124834239e-01
3.476562500000000000e-01 8.639032660375254302e-01
3.515625000000000000e-01 8.697460515609155562e-01
3.554687500000000000e-01 8.754693970073499365e-01
3.593750000000000000e-01 8.810725164039352464e-01
3.632812500000000000e-01 8.865546402881245847e-01
3.671875000000000000e-01 8.919150158133860584e-01
3.710937500000000000e-01 8.971529068525891937e-01
3.750000000000000000e-01 9.022675940990951826e-01
3.789062500000000000e-01 9.072583751655379780e-01
3.828125000000000000e-01 9.121245646802812468e-01
3.867187500000000000e-01 9.168654943815386371e-01
3.906250000000000000e-01 9.214805132091442585e-01
3.945312500000000000e-01 9.259689873939620508e-01
3.984375000000000000e-01 9.303303005449188312e-01
4.023437500000000000e-01 9.345638537336522500e-01
4.062500000000000000e-01 9.386690655767597757e-01
4.101562500000000000e-01 9.426453723156391629e-01
4.140625000000000000e-01 9.464922278939074118e-01
4.179687500000000000e-01 9.502091040323901172e-01
4.218750000000000000e-01 9.537954903016677699e-01
4.257812500000000000e-01 9.572508941921725745e-01
4.296875000000000000e-01 9.605748411818232357e-01
4.335937500000000000e-01 9.637668748011899433e-01
4.375000000000000000e-01 9.668265566961802282e-01
4.414062500000000000e-01 9.697534666882369203e-01
4.453125000000000000e-01 9.725472028320404361e-01
4.492187500000000000e-01 9.752073814707066246e-01
4.531250000000000000e-01 9.777336372884740667e-01
4.570312500000000000e-01 9.801256233608709456e-01
4.609375000000000000e-01 9.823830112023584915e-01
4.648437500000000000e-01 9.845054908114401204e-01
4.687500000000000000e-01 9.864927707132337131e-01
4.726562500000000000e-01 9.883445779994990410e-01
4.765625000000000000e-01 9.900606583661155646e-01
4.804687500000000000e-01 9.916407761480052763e-01
4.843750000000000000e-01 9.930847143514961450e-01
4.882812500000000000e-01 9.943922746841212801e-01
4.921875000000000000e-01 9.955632775818498148e-01
4.960937500000000000e-01 9.965975622337464035e-01
5.000000000000000000e-01 9.974949866040544455e-01
5.039062500000000000e-01 9.982554274517018156e-01
5.078125000000000000e-01 9.988787803472252147e-01
5.117187500000000000e-01 9.993649596871111429e-01
5.156250000000000000e-01 9.997138987055519399e-01
5.195312500000000000e-01 9.999255494836138958e-01
5.234375000000000000e-01 9.999998829558185420e-01
5.273437500000000000e-01 9.999368889141337924e-01
5.312500000000000000e-01 9.997365760093755993e-01
5.351562500000000000e-01 9.993989717500205705e-01
5.390625000000000000e-01 9.989241224984277689e-01
5.429687500000000000e-01 9.983120934644719169e-01
5.468750000000000000e-01 9.975629686965885590e-01
5.507812500000000000e-01 9.966768510702316286e-01
5.546875000000000000e-01 9.956538622737460820e-01
5.585937500000000000e-01 9.944941427916565990e-01
5.625000000000000000e-01 9.931978518853749049e-01
5.664062500000000000e-01 9.917651675713294868e-01
5.703125000000000000e-01 9.901962865965182603e-01
5.742187500000000000e-01 9.884914244114902937e-01
5.781250000000000000e-01 9.866508151407585858e-01
5.820312500000000000e-01 9.846747115506475634e-01
5.859375000000000000e-01 9.825633850145825132e-01
5.898437500000000000e-01 9.803171254758215047e-01
5.937500000000000000e-01 9.779362414076385734e-01
5.976562500000000000e-01 9.754210597709620512e-01
6.015625000000000000e-01 9.727719259694733722e-01
6.054687500000000000e-01 9.699892038021741270e-01
6.093750000000000000e-01 9.670732754134260256e-01
6.132812500000000000e-01 9.640245412404724323e-01
6.171875000000000000e-01 9.608434199584466873e-01
6.210937500000000000e-01 9.575303484228768758e-01
6.250000000000000000e-01 9.540857816096938171e-01
6.289062500000000000e-01 9.505101925527495998e-01
6.328125000000000000e-01 9.468040722788575447e-01
6.367187500000000000e-01 9.429679297403606997e-01
6.406250000000000000e-01 9.390022917452384155e-01
6.445312500000000000e-01 9.349077028847613269e-01
6.484375000000000000e-01 9.306847254587038432e-01
6.523437500000000000e-01 9.263339393981249170e-01
6.562500000000000000e-01 9.218559421857277503e-01
6.601562500000000000e-01 9.172513487738086502e-01
6.640625000000000000e-01 9.125207914998072489e-01
6.679687500000000000e-01 9.076649199994695216e-01
6.718750000000000000e-01 9.026844011176342608e-01
6.757812500000000000e-01 8.975799188166575515e-01
6.796875000000000000e-01 8.923521740824855719e-01
6.835937500000000000e-01 8.870018848283898194e-01
6.875000000000000000e-01 8.815297857963781958e-01
6.914062500000000000e-01 8.759366284562943861e-01
6.953125000000000000e-01 8.702231809026208520e-01
6.992187500000000000e-01 8.643902277489974306e-01
7.031250000000000000e-01 8.584385700204731906e-01
7.070312500000000000e-01 8.523690250435033144e-01
7.109375000000000000e-01 8.461824263337073271e-01
7.148437500000000000e-01 8.398796234814048800e-01
7.187500000000000000e-01 8.334614820349436348e-01
7.226562500000000000e-01 8.269288833818354556e-01
7.265625000000000000e-01 8.202827246277174522e-01
7.304687500000000000e-01 8.135239184731550832e-01
7.343750000000000000e-01 8.066533930883030834e-01
7.382812500000000000e-01 7.996720919854422016e-01
7.421875000000000000e-01 7.925809738894087353e-01
7.460937500000000000e-01 7.853810126059354024e-01
7.500000000000000000e-01 7.780731968879212035e-01
7.539062500000000000e-01 7.706585302996481479e-01
7.578125000000000000e-01 7.631380310789641630e-01
7.617187500000000000e-01 7.555127319974515032e-01
7.656250000000000000e-01 7.477836802185979792e-01
7.695312500000000000e-01 7.399519371539936552e-01
7.734375000000000000e-01 7.320185783175686689e-01
7.773437500000000000e-01 7.239846931778964878e-01
7.812500000000000000e-01 7.158513850085791441e-01
7.851562500000000000e-01 7.076197707367382073e-01
7.890625000000000000e-01 6.992909807896290353e-01
7.929687500000000000e-01 6.908661589394028413e-01
7.968750000000000000e-01 6.823464621460344492e-01
8.007812500000000000e-01 6.737330603984407196e-01
8.046875000000000000e-01 6.650271365538081847e-01
8.085937500000000000e-01 6.562298861751544310e-01
8.125000000000000000e-01 6.473425173671444321e-01
8.164062500000000000e-01 6.383662506101843714e-01
8.203125000000000000e-01 6.293023185928164898e-01
8.242187500000000000e-01 6.201519660424363867e-01
8.281250000000000000e-01 6.109164495543579765e-01
8.320312500000000000e-01 6.015970374192486370e-01
8.359375000000000000e-01 5.921950094489575322e-01
8.398437500000000000e-01 5.827116568007624231e-01
8.437500000000000000e-01 5.731482818000583901e-01
8.476562500000000000e-01 5.635061977615123396e-01
8.515625000000000000e-01 5.537867288087088280e-01
8.554687500000000000e-01 5.439912096923118501e-01
8.593750000000000000e-01 5.341209856067663519e-01
8.632812500000000000e-01 5.241774120055661124e-01
8.671875000000000000e-01 5.141618544151128622e-01
8.710937500000000000e-01 5.040756882471917333e-01
8.750000000000000000e-01 4.939202986100891812e-01
8.789062500000000000e-01 4.836970801183800295e-01
8.828125000000000000e-01 4.734074367014080020e-01
8.867187500000000000e-01 4.630527814104876683e-01
8.906250000000000000e-01 4.526345362248538340e-01
8.945312500000000000e-01 4.421541318563844136e-01
8.984375000000000000e-01 4.316130075531242061e-01
9.023437500000000000e-01 4.210126109016369411e-01
9.062500000000000000e-01 4.103543976282113537e-01
9.101562500000000000e-01 3.996398313989500406e-01
9.140625000000000000e-01 3.888703836187679674e-01
9.179687500000000000e-01 3.780475332293278257e-01
9.218750000000000000e-01 3.671727665059407730e-01
9.257812500000000000e-01 3.562475768534598131e-01
9.296875000000000000e-01 3.452734646011942909e-01
9.335937500000000000e-01 3.342519367968733723e-01
9.375000000000000000e-01 3.231845069996868713e-01
9.414062500000000000e-01 3.120726950724318494e-01
9.453125000000000000e-01 3.009180269727936841e-01
9.492187500000000000e-01 2.897220345437900302e-01
9.531250000000000000e-01 2.784862553034066490e-01
9.570312500000000000e-01 2.672122322334538613e-01
9.609375000000000000e-01 2.559015135676726005e-01
9.648437500000000000e-01 2.445556525791193481e-01
9.687500000000000000e-01 2.331762073668589286e-01
9.726562500000000000e-01 2.217647406419947231e-01
9.765625000000000000e-01 2.103228195130653067e-01
9.804687500000000000e-01 1.988520152708373456e-01
9.843750000000000000e-01 1.873539031725240944e-01
9.882812500000000000e-01 1.758300622254592438e-01
9.921875000000000000e-01 1.642820749702557925e-01
9.960937500000000000e-01 1.527115272634794740e-01
2.000000000000000000e+00 -2.794154981989258602e-01
2.003906250000000000e+00 -2.681445744681129062e-01
2.007812500000000000e+00 -2.568368271052152707e-01
2.011718750000000000e+00 -2.454938089752478070e-01
2.015625000000000000e+00 -2.341170777868726016e-01
2.019531250000000000e+00 -2.227081958784827842e-01
2.023437500000000000e+00 -2.112687300036505123e-01
2.027343750000000000e+00 -1.998002511159684413e-01
2.031250000000000000e+00 -1.883043341533146564e-01
2.035156250000000000e+00 -1.767825578215702909e-01
2.039062500000000000e+00 -1.652365043778197817e-01
2.042968750000000000e+00 -1.536677594130633762e-01
2.046875000000000000e+00 -1.420779116344718374e-01
2.050781250000000000e+00 -1.304685526472132706e-01
2.054687500000000000e+00 -1.188412767358818373e-01
2.058593750000000000e+00 -1.071976806455586240e-01
2.062500000000000000e+00 -9.553936336253460171e-02
2.066406250000000000e+00 -8.386792589472578940e-02
2.070312500000000000e+00 -7.218497105181075069e-02
2.074218750000000000e+00 -6.049210322512071913e-02
2.078125000000000000e+00 -4.879092816731252225e-02
2.082031250000000000e+00 -3.708305277185452303e-02
2.085937500000000000e+00 -2.537008485235587446e-02
2.089843750000000000e+00 -1.365363292176950856e-02
2.093750000000000000e+00 -1.935305971498974594e-03
2.097656250000000000e+00 9.783286749560346496e-03
2.101562500000000000e+00 2.150053595601543466e-02
2.105468750000000000e+00 3.321483254697480542e-02
2.109375000000000000e+00 4.492456782702236584e-02
2.113281250000000000e+00 5.662813372713559196e-02
2.117187500000000000e+00 6.832392302551766605e-02
2.121093750000000000e+00 8.001032956831327647e-02
2.125000000000000000e+00 9.168574849017775696e-02
2.128906250000000000e+00 1.033485764346692842e-01
2.132812500000000000e+00 1.149972117744338662e-01
2.136718750000000000e+00 1.266300548311528607e-01
2.140625000000000000e+00 1.382455080952228188e-01
2.144531250000000000e+00 1.498419764451375813e-01
2.148437500000000000e+00 1.614178673665424002e-01
2.152343750000000000e+00 1.729715911709299170e-01
2.156250000000000000e+00 1.845015612139481731e-01
2.160156250000000000e+00 1.960061941132906216e-01
2.164062500000000000e+00 2.074839099661380803e-01
2.167968750000000000e+00 2.189331325661228456e-01
2.171875000000000000e+00 2.303522896197852943e-01
2.175781250000000000e+00 2.417398129624929726e-01
2.179687500000000000e+00 2.530941387737928316e-01
2.183593750000000000e+00 2.644137077921667744e-01
2.187500000000000000e+00 2.756969655291613419e-01
2.191406250000000000e+00 2.869423624828614794e-01
2.195312500000000000e+00 2.981483543506802114e-01
2.199218750000000000e+00 3.093134022414334439e-01
2.203125000000000000e+00 3.204359728866724155e-01
2.207031250000000000e+00 3.315145388512437119e-01
2.210937500000000000e+00 3.425475787430476982e-01
2.214843750000000000e+00 3.535335774219682259e-01
2.218750000000000000e+00 3.644710262079424168e-01
2.222656250000000000e+00 3.753584230881444328e-01
2.226562500000000000e+00 3.861942729232530347e-01
2.230468750000000000e+00 3.969770876527752845e-01
2.234375000000000000e+00 4.077053864993983034e-01
2.238281250000000000e+00 4.183776961723408849e-01
2.242187500000000000e+00 4.289925510696764865e-01
2.246093750000000000e+00 4.395484934796012877e-01
2.250000000000000000e+00 4.500440737806176150e-01
2.253906250000000000e+00 4.604778506406072558e-01
2.257812500000000000e+00 4.708483912147657935e-01
2.261718750000000000e+00 4.811542713423718198e-01
2.265625000000000000e+00 4.913940757423633232e-01
2.269531250000000000e+00 5.015663982076947747e-01
2.273437500000000000e+00 5.116698417984479885e-01
2.277343750000000000e+00 5.217030190336705564e-01
2.281250000000000000e+00 5.316645520819150983e-01
2.285156250000000000e+00 5.415530729504532959e-01
2.289062500000000000e+00 5.513672236731395060e-01
2.292968750000000000e+00 5.611056564968962546e-01
2.296875000000000000e+00 5.707670340667980735e-01
2.300781250000000000e+00 5.803500296097272582e-01
2.304687500000000000e+00 5.898533271165762315e-01
2.308593750000000000e+00 5.992756215229719796e-01
2.312500000000000000e+00 6.086156188884970231e-01
2.316406250000000000e+00 6.178720365743832765e-01
2.320312500000000000e+00 6.270436034196535946e-01
2.324218750000000000e+00 6.361290599156873560e-01
2.328125000000000000e+00 6.451271583791853281e-01
2.332031250000000000e+00 6.540366631235110528e-01
2.335937500000000000e+00 6.628563506283849938e-01
2.339843750000000000e+00 6.715850097079069103e-01
2.343750000000000000e+00 6.802214416768854743e-01
2.347656250000000000e+00 6.887644605154509270e-01
2.351562500000000000e+00 6.972128930319274609e-01
2.355468750000000000e+00 7.055655790239457881e-01
2.359375000000000000e+00 7.138213714377698027e-01
2.363281250000000000e+00 7.219791365258196869e-01
2.367187500000000000e+00 7.300377540023658129e-01
2.371093750000000000e+00 7.379961171973750123e-01
2.375000000000000000e+00 7.458531332084874510e-01
2.378906250000000000e+00 7.536077230511012415e-01
2.382812500000000000e+00 7.612588218065475809e-01
2.386718750000000000e+00 7.688053787683327700e-01
2.390625000000000000e+00 7.762463575864294585e-01
2.394531250000000000e+00 7.835807364095962457e-01
2.398437500000000000e+00 7.908075080257054301e-01
2.402343750000000000e+00 7.979256800000613659e-01
2.406250000000000000e+00 8.049342748116888879e-01
2.410156250000000000e+00 8.118323299875741528e-01
2.414062500000000000e+00 8.186188982348382437e-01
2.417968750000000000e+00 8.252930475708267766e-01
2.421875000000000000e+00 8.318538614510969653e-01
2.425781250000000000e+00 8.383004388952839392e-01
2.429687500000000000e+00 8.446318946108306580e-01
2.433593750000000000e+00 8.508473591145627735e-01
2.437500000000000000e+00 8.569459788520921162e-01
2.441406250000000000e+00 8.629269163150341537e-01
2.445312500000000000e+00 8.687893501560202125e-01
2.449218750000000000e+00 8.745324753014912522e-01
2.453125000000000000e+00 8.801555030622568720e-01
2.457031250000000000e+00 8.856576612418037842e-01
2.460937500000000000e+00 8.910381942423396540e-01
2.464843750000000000e+00 8.962963631685576527e-01
2.468750000000000000e+00 9.014314459291070669e-01
2.472656250000000000e+00 9.064427373357560880e-01
2.476562500000000000e+00 9.113295492002341236e-01
2.480468750000000000e+00 9.160912104287383118e-01
2.484375000000000000e+00 9.207270671140936891e-01
2.488281250000000000e+00 9.252364826255523589e-01
2.492187500000000000e+00 9.296188376962204458e-01
2.496093750000000000e+00 9.338735305081008464e-01
2.500000000000000000e+00 9.379999767747388972e-01
2.503906250000000000e+00 9.419976098214611904e-01
2.507812500000000000e+00 9.458658806631958793e-01
2.511718750000000000e+00 9.496042580798628174e-01
2.515625000000000000e+00 9.532122286893255358e-01
2.519531250000000000e+00 9.566892970178920708e-01
2.523437500000000000e+00 9.600349855683570910e-01
2.527343750000000000e+00 9.632488348855761107e-01
2.531250000000000000e+00 9.663304036195607960e-01
2.535156250000000000e+00 9.692792685860882607e-01
2.539062500000000000e+00 9.720950248248166892e-01
2.542968750000000000e+00 9.747772856548967413e-01
2.546875000000000000e+00 9.773256827280739634e-01
2.550781250000000000e+00 9.797398660792727698e-01
2.554687500000000000e+00 9.820195041746568876e-01
2.558593750000000000e+00 9.841642839571572710e-01
2.562500000000000000e+00 9.861739108894642669e-01
2.566406250000000000e+00 9.880481089944749273e-01
2.570312500000000000e+00 9.897866208931929144e-01
2.574218750000000000e+00 9.913892078400733388e-01
2.578125000000000000e+00 9.928556497558093108e-01
2.582031250000000000e+00 9.941857452575546539e-01
2.585937500000000000e+00 9.953793116865794488e-01
2.589843750000000000e+00 9.964361851333543019e-01
2.593750000000000000e+00 9.973562204600591174e-01
2.597656250000000000e+00 9.981392913205151540e-01
2.601562500000000000e+00 9.987852901775351455e-01
2.605468750000000000e+00 9.992941283176919320e-01
2.609375000000000000e+00 9.996657358635003821e-01
2.613281250000000000e+00 9.999000617830142712e-01
2.617187500000000000e+00 9.999970738968337880e-01
2.621093750000000000e+00 9.999567588825248876e-01
2.625000000000000000e+00 9.997791222764491614e-01
2.628906250000000000e+00 9.994641884730026682e-01
2.632812500000000000e+00 9.990120007212668352e-01
2.636718750000000000e+00 9.984226211190687650e-01
2.640625000000000000e+00 9.976961306044533906e-01
2.644531250000000000e+00 9.968326289445685884e-01
2.648437500000000000e+00 9.958322347219644710e-01
2.652343750000000000e+00 9.946950853183085250e-01
2.656250000000000000e+00 9.934213368955197021e-01
2.660156250000000000e+00 9.920111643743225738e-01
2.664062500000000000e+00 9.904647614102264352e-01
2.667968750000000000e+00 9.887823403669305788e-01
2.671875000000000000e+00 9.869641322871611777e-01
2.675781250000000000e+00 9.850103868609428881e-01
2.679687500000000000e+00 9.829213723913092782e-01
2.683593750000000000e+00 9.806973757574574124e-01
2.687500000000000000e+00 9.783387023753516987e-01
2.691406250000000000e+00 9.758456761557817716e-01
2.695312500000000000e+00 9.732186394598804080e-01
2.699218750000000000e+00 9.704579530521082464e-01
2.703125000000000000e+00 9.675639960507106396e-01
2.707031250000000000e+00 9.645371658756544120e-01
2.710937500000000000e+00 9.613778781940510720e-01
2.714843750000000000e+00 9.580865668630744736e-01
2.718750000000000000e+00 9.546636838703799199e-01
2.722656250000000000e+00 9.511096992720342591e-01
2.726562500000000000e+00 9.474251011279638535e-01
2.730468750000000000e+00 9.436103954349307488e-01
2.734375000000000000e+00 9.396661060570452584e-01
2.738281250000000000e+00 9.355927746538251766e-01
2.742187500000000000e+00 9.313909606058107249e-01
2.746093750000000000e+00 9.270612409377466667e-01
2.750000000000000000e+00 9.226042102393402500e-01
2.753906250000000000e+00 9.180204805836084114e-01
2.757812500000000000e+00 9.133106814428226805e-01
2.761718750000000000e+00 9.084754596020656603e-01
2.765625000000000000e+00 9.035154790704097438e-01
2.769531250000000000e+00 8.984314209897297232e-01
2.773437500000000000e+00 8.932239835411642792e-01
2.777343750000000000e+00 8.878938818492355667e-01
2.781250000000000000e+00 8.824418478836433266e-01
2.785156250000000000e+00 8.768686303587454045e-01
2.789062500000000000e+00 8.711749946307384418e-01
2.792968750000000000e+00 8.653617225925533951e-01
2.796875000000000000e+00 8.594296125664803165e-01
2.800781250000000000e+00 8.533794791945364944e-01
2.804687500000000000e+00 8.472121533265940529e-01
2.808593750000000000e+00 8.409284819062806671e-01
2.812500000000000000e+00 8.345293278546715987e-01
2.816406250000000000e+00 8.280155699517868229e-01
2.820312500000000000e+00 8.213881027159097847e-01
2.824218750000000000e+00 8.146478362807458851e-01
2.828125000000000000e+00 8.077956962704359034e-01
2.832031250000000000e+00 8.008326236724425673e-01
2.835937500000000000e+00 7.937595747083265874e-01
2.839843750000000000e+00 7.865775207024314764e-01
2.843750000000000000e+00 7.792874479484941386e-01
2.847656250000000000e+00 7.718903575741988821e-01
2.851562500000000000e+00 7.643872654036958370e-01
2.855468750000000000e+00 7.567792018180998781e-01
2.859375000000000000e+00 7.490672116139909242e-01
2.863281250000000000e+00 7.412523538599349315e-01
2.867187500000000000e+00 7.333357017510442333e-01
2.871093750000000000e+00 7.253183424615984309e-01
2.875000000000000000e+00 7.172013769957455986e-01
2.878906250000000000e+00 7.089859200363040070e-01
2.882812500000000000e+00 7.006730997916853498e-01
2.886718750000000000e+00 6.922640578409610113e-01
2.890625000000000000e+00 6.837599489770912475e-01
2.894531250000000000e+00 6.751619410483409300e-01
2.898437500000000000e+00 6.664712147979015011e-01
2.902343750000000000e+00 6.576889637017425683e-01
2.906250000000000000e+00 6.488163938047146750e-01
2.910156250000000000e+00 6.398547235549261192e-01
2.914062500000000000e+00 6.308051836364166887e-01
2.917968750000000000e+00 6.216690168001507422e-01
2.921875000000000000e+00 6.124474776933532816e-01
2.925781250000000000e+00 6.031418326872121094e-01
2.929687500000000000e+00 5.937533597029707177e-01
2.933593750000000000e+00 5.842833480364342247e-01
2.937500000000000000e+00 5.747330981809134487e-01
2.941406250000000000e+00 5.651039216486316574e-01
2.945312500000000000e+00 5.553971407906174163e-01
2.949218750000000000e+00 5.456140886151100711e-01
2.953125000000000000e+00 5.357561086045002918e-01
2.957031250000000000e+00 5.258245545308332103e-01
2.960937500000000000e+00 5.158207902698986880e-01
2.964843750000000000e+00 5.057461896139329172e-01
2.968750000000000000e+00 4.956021360829593880e-01
2.972656250000000000e+00 4.853900227347932028e-01
2.976562500000000000e+00 4.751112519737362705e-01
2.980468750000000000e+00 4.647672353579881954e-01
2.984375000000000000e+00 4.543593934058007822e-01
2.988281250000000000e+00 4.438891554004015250e-01
2.992187500000000000e+00 4.333579591937138376e-01
2.996093750000000000e+00 4.227672510089003355e-01
4.000000000000000000e+00 -5.365729180004349397e-01
4.003906250000000000e+00 -5.266473876425169509e-01
4.007812500000000000e+00 -5.166495340996927199e-01
4.011718750000000000e+00 -5.065807303524939575e-01
4.015625000000000000e+00 -4.964423591248692258e-01
4.019531250000000000e+00 -4.862358126942969427e-01
4.023437500000000000e+00 -4.759624927005878248e-01
4.027343750000000000e+00 -4.656238099534011909e-01
4.031250000000000000e+00 -4.552211842385017748e-01
4.035156250000000000e+00 -4.447560441227841332e-01
4.039062500000000000e+00 -4.342298267580910198e-01
4.042968750000000000e+00 -4.236439776838530347e-01
4.046875000000000000e+00 -4.129999506285760846e-01
4.050781250000000000e+00 -4.022992073102045762e-01
4.054687500000000000e+00 -3.915432172353870977e-01
4.058593750000000000e+00 -3.807334574976730113e-01
4.062500000000000000e+00 -3.698714125746665471e-01
4.066406250000000000e+00 -3.589585741241673178e-01
4.070312500000000000e+00 -3.479964407793246228e-01
4.074218750000000000e+00 -3.369865179428338520e-01
4.078125000000000000e+00 -3.259303175802032437e-01
4.082031250000000000e+00 -3.148293580121193092e-01
4.085937500000000000e+00 -3.036851637059397868e-01
4.089843750000000000e+00 -2.924992650663421623e-01
4.093750000000000000e+00 -2.812731982251570062e-01
4.097656250000000000e+00 -2.700085048304148305e-01
4.101562500000000000e+00 -2.587067318346353839e-01
4.105468750000000000e+00 -2.473694312823882802e-01
4.109375000000000000e+00 -2.359981600971548799e-01
4.113281250000000000e+00 -2.245944798675195420e-01
4.117187500000000000e+00 -2.131599566327207207e-01
4.121093750000000000e+00 -2.016961606675905239e-01
4.125000000000000000e+00 -1.902046662669128751e-01
4.128906250000000000e+00 -1.786870515292293682e-01
4.132812500000000000e+00 -1.671448981401230105e-01
4.136718750000000000e+00 -1.555797911550091950e-01
4.140625000000000000e+00 -1.439933187814639026e-01
4.144531250000000000e+00 -1.323870721611191958e-01
4.148437500000000000e+00 -1.207626451511556176e-01
4.152343750000000000e+00 -1.091216341054216249e-01
4.156250000000000000e+00 -9.746563765521043532e-02
4.160156250000000000e+00 -8.579625648972380447e-02
4.164062500000000000e+00 -7.411509313625337658e-02
4.167968750000000000e+00 -6.242375174010957734e-02
4.171875000000000000e+00 -5.072383784432830250e-02
4.175781250000000000e+00 -3.901695816918562126e-02
4.179687500000000000e+00 -2.730472039155091082e-02
4.183593750000000000e+00 -1.558873292410849730e-02
4.187500000000000000e+00 -3.870604694478365151e-03
4.191406250000000000e+00 7.848055075733922220e-03
4.195312500000000000e+00 1.956563709192764636e-02
4.199218750000000000e+00 3.128053220750738606e-02
4.203125000000000000e+00 4.299113164486314392e-02
4.207031250000000000e+00 5.469582721629980687e-02
4.210937500000000000e+00 6.639301154488558288e-02
4.214843750000000000e+00 7.808107828518909277e-02
4.218750000000000000e+00 8.975842234387487739e-02
4.222656250000000000e+00 1.014234401001268132e-01
4.226562500000000000e+00 1.130745296258694604e-01
4.230468750000000000e+00 1.247100909057568680e-01
4.234375000000000000e+00 1.363285260568987689e-01
4.238281250000000000e+00 1.479282395482937607e-01
4.242187500000000000e+00 1.595076384199398678e-01
4.246093750000000000e+00 1.710651325015915547e-01
4.250000000000000000e+00 1.825991346311340024e-01
4.253906250000000000e+00 1.941080608725442302e-01
4.257812500000000000e+00 2.055903307334089325e-01
4.261718750000000000e+00 2.170443673819697772e-01
4.265625000000000000e+00 2.284685978636657178e-01
4.269531250000000000e+00 2.398614533171429530e-01
4.273437500000000000e+00 2.512213691897028367e-01
4.277343750000000000e+00 2.625467854521580380e-01
4.281250000000000000e+00 2.738361468130673937e-01
4.285156250000000000e+00 2.850879029323203917e-01
4.289062500000000000e+00 2.963005086340413929e-01
4.292968750000000000e+00 3.074724241187849483e-01
4.296875000000000000e+00 3.186021151749925395e-01
4.300781250000000000e+00 3.296880533896822674e-01
4.304687500000000000e+00 3.407287163583416767e-01
4.308593750000000000e+00 3.517225878939962413e-01
4.312500000000000000e+00 3.626681582354231437e-01
4.316406250000000000e+00 3.735639242544833705e-01
4.320312500000000000e+00 3.844083896625425378e-01
4.324218750000000000e+00 3.952000652159523564e-01
4.328125000000000000e+00 4.059374689205649256e-01
4.332031250000000000e+00 4.166191262352512137e-01
4.335937500000000000e+00 4.272435702743964114e-01
4.339843750000000000e+00 4.378093420093432386e-01
4.343750000000000000e+00 4.483149904687572795e-01
4.347656250000000000e+00 4.587590729378849264e-01
4.351562500000000000e+00 4.691401551566780070e-01
4.355468750000000000e+00 4.794568115167570088e-01
4.359375000000000000e+00 4.897076252571865296e-01
4.363281250000000000e+00 4.998911886590355347e-01
4.367187500000000000e+00 5.100061032386957738e-01
4.371093750000000000e+00 5.200509799399323230e-01
4.375000000000000000e+00 5.300244393246389407e-01
4.378906250000000000e+00 5.399251117622730911e-01
4.382812500000000000e+00 5.497516376179441000e-01
4.386718750000000000e+00 5.595026674391279098e-01
4.390625000000000000e+00 5.691768621409848405e-01
4.394531250000000000e+00 5.787728931902518248e-01
4.398437500000000000e+00 5.882894427876874666e-01
4.402343750000000000e+00 5.977252040490419471e-01
4.406250000000000000e+00 6.070788811845279076e-01
4.410156250000000000e+00 6.163491896767681055e-01
4.414062500000000000e+00 6.255348564571954206e-01
4.417968750000000000e+00 6.346346200808797855e-01
4.421875000000000000e+00 6.436472308997595038e-01
4.425781250000000000e+00 6.525714512342523088e-01
4.429687500000000000e+00 6.614060555432228483e-01
4.433593750000000000e+00 6.701498305922832799e-01
4.437500000000000000e+00 6.788015756204033302e-01
4.441406250000000000e+00 6.873601025048086122e-01
4.445312500000000000e+00 6.958242359241418873e-01
4.449218750000000000e+00 7.041928135198672889e-01
4.453125000000000000e+00 7.124646860558945249e-01
4.457031250000000000e+00 7.206387175763999675e-01
4.460937500000000000e+00 7.287137855618250892e-01
4.464843750000000000e+00 7.366887810830290428e-01
4.468750000000000000e+00 7.445626089535755110e-01
4.472656250000000000e+00 7.523341878801317328e-01
4.476562500000000000e+00 7.600024506109597233e-01
4.480468750000000000e+00 7.675663440824797012e-01
4.484375000000000000e+00 7.750248295638840768e-01
4.488281250000000000e+00 7.823768827997846786e-01
4.492187500000000000e+00 7.896214941508702401e-01
4.496093750000000000e+00 7.967576687325585993e-01
4.500000000000000000e+00 8.037844265516209674e-01
4.503906250000000000e+00 8.107008026407622747e-01
4.507812500000000000e+00 8.175058471911381686e-01
4.511718750000000000e+00 8.241986256827890100e-01
4.515625000000000000e+00 8.307782190129761046e-01
4.519531250000000000e+00 8.372437236223991830e-01
4.523437500000000000e+00 8.435942516192803664e-01
4.527343750000000000e+00 8.498289309012957427e-01
4.531250000000000000e+00 8.559469052753394536e-01
4.535156250000000000e+00 8.619473345751024196e-01
4.539062500000000000e+00 8.678293947764501581e-01
4.542968750000000000e+00 8.735922781105840418e-01
4.546875000000000000e+00 8.792351931749703420e-01
4.550781250000000000e+00 8.847573650420215152e-01
4.554687500000000000e+00 8.901580353655150768e-01
4.558593750000000000e+00 8.954364624847352960e-01
4.562500000000000000e+00 9.005919215263238353e-01
4.566406250000000000e+00 9.056237045038246780e-01
4.570312500000000000e+00 9.105311204149101334e-01
4.574218750000000000e+00 9.153134953362747073e-01
4.578125000000000000e+00 9.199701725161831822e-01
4.582031250000000000e+00 9.245005124646604733e-01
4.585937500000000000e+00 9.289038930413116013e-01
4.589843750000000000e+00 9.331797095407584619e-01
4.593750000000000000e+00 9.373273747756826202e-01
4.597656250000000000e+00 9.413463191574623634e-01
4.601562500000000000e+00 9.452359907743924650e-01
4.605468750000000000e+00 9.489958554674776670e-01
4.609375000000000000e+00 9.526253969037864477e-01
4.613281250000000000e+00 9.561241166473585240e-01
4.617187500000000000e+00 9.594915342276536530e-01
4.621093750000000000e+00 9.627271872055328528e-01
4.625000000000000000e+00 9.658306312367651580e-01
4.628906250000000000e+00 9.688014401330472536e-01
4.632812500000000000e+00 9.716392059205314347e-01
4.636718750000000000e+00 9.743435388958514576e-01
4.640625000000000000e+00 9.769140676796396194e-01
4.644531250000000000e+00 9.793504392675274062e-01
4.648437500000000000e+00 9.816523190786224928e-01
4.652343750000000000e+00 9.838193910014563226e-01
4.656250000000000000e+00 9.858513574373942712e-01
4.660156250000000000e+00 9.877479393415048436e-01
4.664062500000000000e+00 9.895088762608797994e-01
4.667968750000000000e+00 9.911339263704014302e-01
4.671875000000000000e+00 9.926228665059523282e-01
4.675781250000000000e+00 9.939754921950613165e-01
4.679687500000000000e+00 9.951916176849835427e-01
4.683593750000000000e+00 9.962710759682092965e-01
4.687500000000000000e+00 9.972137188053989965e-01
4.691406250000000000e+00 9.980194167457400178e-01
4.695312500000000000e+00 9.986880591447243605e-01
4.699218750000000000e+00 9.992195541793430502e-01
4.703125000000000000e+00 9.996138288606957190e-01
4.707031250000000000e+00 9.998708290440141422e-01
4.710937500000000000e+00 9.999905194360980687e-01
4.714843750000000000e+00 9.999728836001615662e-01
4.718750000000000000e+00 9.998179239580905486e-01
4.722656250000000000e+00 9.995256617901095986e-01
4.726562500000000000e+00 9.990961372318606371e-01
4.730468750000000000e+00 9.985294092688902223e-01
4.734375000000000000e+00 9.978255557285495847e-01
4.738281250000000000e+00 9.969846732693069535e-01
4.742187500000000000e+00 9.960068773674735088e-01
4.746093750000000000e+00 9.948923023013450662e-01
4.750000000000000000e+00 9.936411011327626053e-01
4.753906250000000000e+00 9.922534456860919727e-01
4.757812500000000000e+00 9.907295265246280902e-01
4.761718750000000000e+00 9.890695529244253326e-01
4.765625000000000000e+00 9.872737528455580724e-01
4.769531250000000000e+00 9.853423729008153886e-01
4.773437500000000000e+00 9.832756783218344898e-01
4.777343750000000000e+00 9.810739529226770728e-01
4.781250000000000000e+00 9.787374990608538328e-01
4.785156250000000000e+00 9.762666375958026777e-01
4.789062500000000000e+00 9.736617078448253082e-01
4.792968750000000000e+00 9.709230675364901586e-01
4.796875000000000000e+00 9.680510927615063599e-01
4.800781250000000000e+00 9.650461779210757207e-01
4.804687500000000000e+00 9.619087356727310523e-01
4.808593750000000000e+00 9.586391968736668323e-01
4.812500000000000000e+00 9.552380105215703132e-01
4.816406250000000000e+00 9.517056436929622887e-01
4.820312500000000000e+00 9.480425814790541805e-01
4.824218750000000000e+00 9.442493269191319927e-01
4.828125000000000000e+00 9.403264009314749039e-01
4.832031250000000000e+00 9.362743422418190464e-01
4.835937500000000000e+00 9.320937073093755743e-01
4.839843750000000000e+00 9.277850702504132352e-01
4.843750000000000000e+00 9.233490227594171040e-01
4.847656250000000000e+00 9.187861740278318035e-01
4.851562500000000000e+00 9.140971506604033125e-01
4.855468750000000000e+00 9.092825965891284667e-01
4.859375000000000000e+00 9.043431729848258049e-01
4.863281250000000000e+00 8.992795581663384219e-01
4.867187500000000000e+00 8.940924475073819266e-01
4.871093750000000000e+00 8.887825533410508294e-01
4.875000000000000000e+00 8.833506048619953477e-01
4.878906250000000000e+00 8.777973480262829531e-01
4.882812500000000000e+00 8.721235454489582040e-01
4.886718750000000000e+00 8.663299762993145192e-01
4.890625000000000000e+00 8.604174361938927706e-01
4.894531250000000000e+00 8.543867370872216815e-01
4.898437500000000000e+00 8.482387071603132433e-01
4.902343750000000000e+00 8.419741907069316911e-01
4.906250000000000000e+00 8.355940480176479168e-01
4.910156250000000000e+00 8.290991552616981952e-01
4.914062500000000000e+00 8.224904043666620979e-01
4.917968750000000000e+00 8.157687028959761388e-01
4.921875000000000000e+00 8.089349739243004711e-01
4.925781250000000000e+00 8.019901559107552869e-01
4.929687500000000000e+00 7.949352025700443525e-01
4.933593750000000000e+00 7.877710827414838857e-01
4.937500000000000000e+00 7.804987802559544274e-01
4.941406250000000000e+00 7.731192938007933613e-01
4.945312500000000000e+00 7.656336367826480638e-01
4.949218750000000000e+00 7.580428371883068950e-01
4.953125000000000000e+00 7.503479374435285676e-01
4.957031250000000000e+00 7.425499942698885469e-01
4.960937500000000000e+00 7.346500785396613553e-01
4.964843750000000000e+00 7.266492751287614293e-01
4.968750000000000000e+00 7.185486827677587396e-01
4.972656250000000000e+00 7.103494138909934863e-01
4.976562500000000000e+00 7.020525944838079679e-01
4.980468750000000000e+00 6.936593639279180490e-01
4.984375000000000000e+00 6.851708748449442110e-01
4.988281250000000000e+00 6.765882929381255018e-01
4.992187500000000000e+00 6.679127968322359221e-01
4.996093750000000000e+00 6.591455779117266767e-01
