0.000000000000000000e+00 4.529573797558673030e-03
1.562500000000000000e-02 4.654842039351195226e-02
3.125000000000000000e-02 9.430398398252659575e-02
4.687500000000000000e-02 1.408045405708359954e-01
6.250000000000000000e-02 1.874452260521746183e-01
7.812500000000000000e-02 2.334222403678062330e-01
9.375000000000000000e-02 2.790487409866444501e-01
1.093750000000000000e-01 3.239481617789701229e-01
1.250000000000000000e-01 3.682209846856234758e-01
1.406250000000000000e-01 4.116186015181801938e-01
1.562500000000000000e-01 4.541653097503441927e-01
1.718750000000000000e-01 4.956701959246676004e-01
1.875000000000000000e-01 5.361233329768829714e-01
2.031250000000000000e-01 5.753668174253756540e-01
2.187500000000000000e-01 6.133739809145578592e-01
2.343750000000000000e-01 6.500093331586338508e-01
2.500000000000000000e-01 6.852382482476748748e-01
2.656250000000000000e-01 7.189425583691159138e-01
2.812500000000000000e-01 7.510847145550307857e-01
2.968750000000000000e-01 7.815612687735590258e-01
3.125000000000000000e-01 8.103349342168707503e-01
3.281250000000000000e-01 8.373156133003679669e-01
3.437500000000000000e-01 8.624684539477271983e-01
3.593750000000000000e-01 8.857159848084968923e-01
3.750000000000000000e-01 9.070273555124498399e-01
3.906250000000000000e-01 9.263373397064262882e-01
4.062500000000000000e-01 9.436202636049501047e-01
4.218750000000000000e-01 9.588229409135635706e-01
4.375000000000000000e-01 9.719257758703359062e-01
4.531250000000000000e-01 9.828874963479189431e-01
4.687500000000000000e-01 9.916952816055690789e-01
4.843750000000000000e-01 9.983196676249289636e-01
5.000000000000000000e-01 1.002755142842135960e+00
5.156250000000000000e-01 1.004997617390101405e+00
5.312500000000000000e-01 1.004978839576536664e+00
5.468750000000000000e-01 1.002868928217865330e+00
5.625000000000000000e-01 9.983683905609282982e-01
5.781250000000000000e-01 9.919408733981774917e-01
5.937500000000000000e-01 9.829804511977742187e-01
6.093750000000000000e-01 9.723109808537764298e-01
6.250000000000000000e-01 9.589484389425138033e-01
6.406250000000000000e-01 9.441535960495965885e-01
6.562500000000000000e-01 9.264812147488404870e-01
6.718750000000000000e-01 9.077185354037047293e-01
6.875000000000000000e-01 8.858610146388201656e-01
7.031250000000000000e-01 8.633291917630270262e-01
7.187500000000000000e-01 8.374405837229144112e-01
7.343750000000000000e-01 8.113802005079634450e-01
7.500000000000000000e-01 7.816394074863858288e-01
7.656250000000000000e-01 7.523348748095761707e-01
7.812500000000000000e-01 7.189387970844010045e-01
7.968750000000000000e-01 6.867228473076381068e-01
8.125000000000000000e-01 6.498752347038776467e-01
8.281250000000000000e-01 6.151389436593899251e-01
8.437500000000000000e-01 5.750304048754759645e-01
8.593750000000000000e-01 5.382460432562120589e-01
8.750000000000000000e-01 4.950131939831435846e-01
8.906250000000000000e-01 4.567907206011639909e-01
9.062500000000000000e-01 4.104166800768452861e-01
9.218750000000000000e-01 3.716672729815895804e-01
9.375000000000000000e-01 3.216688296620581755e-01
9.531250000000000000e-01 2.842406405585418683e-01
9.687500000000000000e-01 2.281234827403388066e-01
9.843750000000000000e-01 1.997242445943620270e-01
1.000000000000000000e+00 5.768334994203384858e-02
1.015625000000000000e+00 -1.248424482633362503e-02
1.031250000000000000e+00 6.673590284316745572e-03
1.046875000000000000e+00 -4.477007024126601620e-03
1.062500000000000000e+00 3.336680474945419653e-03
1.078125000000000000e+00 -2.632596801650892871e-03
1.093750000000000000e+00 2.157761428123954918e-03
1.109375000000000000e+00 -1.808696524780585568e-03
1.125000000000000000e+00 1.545320526695926873e-03
1.140625000000000000e+00 -1.333132804767888724e-03
1.156250000000000000e+00 1.163031628735407838e-03
1.171875000000000000e+00 -1.018082902056951285e-03
1.187500000000000000e+00 8.975078461344118555e-04
1.203125000000000000e+00 -7.909698319201732483e-04
1.218750000000000000e+00 7.001252903057107952e-04
1.234375000000000000e+00 -6.179941627819458740e-04
1.250000000000000000e+00 5.466699918747968756e-04
1.265625000000000000e+00 -4.813575961249275982e-04
1.281250000000000000e+00 4.237743493811461102e-04
1.296875000000000000e+00 -3.708233553398120421e-04
1.312500000000000000e+00 3.234694354355712289e-04
1.328125000000000000e+00 -2.800883630229094277e-04
1.343750000000000000e+00 2.407033001509517166e-04
1.359375000000000000e+00 -2.050454820260929495e-04
1.375000000000000000e+00 1.720989230810892993e-04
1.390625000000000000e+00 -1.428796221974292923e-04
1.406250000000000000e+00 1.152857719341035981e-04
1.421875000000000000e+00 -9.156639618351978508e-05
1.437500000000000000e+00 6.851899910472535418e-05
1.453125000000000000e+00 -4.957968890577700929e-05
1.468750000000000000e+00 3.045265245957839588e-05
1.484375000000000000e+00 -1.571433074273007079e-05
1.500000000000000000e+00 7.401486830834376525e-17
1.515625000000000000e+00 2.543120155514462871e-05
1.531250000000000000e+00 -5.920543766306055755e-05
1.546875000000000000e+00 9.206834896025029025e-05
1.562500000000000000e+00 -1.333630416640030347e-04
1.578125000000000000e+00 1.746937420195049384e-04
1.593750000000000000e+00 -2.246066424686314069e-04
1.609375000000000000e+00 2.756640883624742475e-04
1.625000000000000000e+00 -3.355723736026364765e-04
1.640625000000000000e+00 3.979574221914342633e-04
1.656250000000000000e+00 -4.696685516484647724e-04
1.671875000000000000e+00 5.455155832472247113e-04
1.687500000000000000e+00 -6.315132775118748043e-04
1.703125000000000000e+00 7.238080414588843325e-04
1.718750000000000000e+00 -8.276678211467380919e-04
1.734375000000000000e+00 9.407963749896719463e-04
1.750000000000000000e+00 -1.067920788623943906e-03
1.765625000000000000e+00 1.208668276464412109e-03
1.781250000000000000e+00 -1.367666795301092364e-03
1.796875000000000000e+00 1.547159423316438968e-03
1.812500000000000000e+00 -1.752640337847462650e-03
1.828125000000000000e+00 1.990457101361882593e-03
1.843750000000000000e+00 -2.269254112752398193e-03
1.859375000000000000e+00 2.603165951864605532e-03
1.875000000000000000e+00 -3.010163597267837780e-03
1.890625000000000000e+00 3.523050558787469647e-03
1.906250000000000000e+00 -4.189599142324085257e-03
1.921875000000000000e+00 5.102875369245066586e-03
1.937500000000000000e+00 -6.434404309097844013e-03
1.953125000000000000e+00 8.582426905646773491e-03
1.968750000000000000e+00 -1.263655356713311306e-02
1.984375000000000000e+00 2.309340735372622522e-02
2.000000000000000000e+00 -1.712063649671428378e-01
2.015625000000000000e+00 -2.595137663769890302e-01
2.031250000000000000e+00 -1.762813217745184124e-01
2.046875000000000000e+00 -1.515949900297401398e-01
2.062500000000000000e+00 -8.949555659967585453e-02
2.078125000000000000e+00 -5.422318371058568870e-02
2.093750000000000000e+00 2.298492720299546207e-03
2.109375000000000000e+00 4.160018866559023198e-02
2.125000000000000000e+00 9.521198599510763416e-02
2.140625000000000000e+00 1.363474144417901324e-01
2.156250000000000000e+00 1.877658087619498151e-01
2.171875000000000000e+00 2.295599069556894245e-01
2.187500000000000000e+00 2.789195094190247692e-01
2.203125000000000000e+00 3.205661293009285928e-01
2.218750000000000000e+00 3.677728938147571958e-01
2.234375000000000000e+00 4.086368666626796209e-01
2.250000000000000000e+00 4.534947618177227469e-01
2.265625000000000000e+00 4.930365022918605789e-01
2.281250000000000000e+00 5.353033774322899507e-01
2.296875000000000000e+00 5.730462398367739407e-01
2.312500000000000000e+00 6.124624713099279250e-01
2.328125000000000000e+00 6.479776800296233041e-01
2.343750000000000000e+00 6.842827175702645981e-01
2.359375000000000000e+00 7.171823754024103659e-01
2.375000000000000000e+00 7.501252690370758813e-01
2.390625000000000000e+00 7.800593668932231939e-01
2.406250000000000000e+00 8.094059996128338819e-01
2.421875000000000000e+00 8.360614934904335716e-01
2.437500000000000000e+00 8.615998465141704310e-01
2.453125000000000000e+00 8.847008065559666123e-01
2.468750000000000000e+00 9.062449463776500735e-01
2.484375000000000000e+00 9.255532298541291336e-01
2.500000000000000000e+00 9.429463940454159143e-01
2.515625000000000000e+00 9.582773578202182785e-01
2.531250000000000000e+00 9.713387051168895781e-01
2.546875000000000000e+00 9.826163280035774550e-01
2.562500000000000000e+00 9.911772673276338930e-01
2.578125000000000000e+00 9.983501447544620433e-01
2.593750000000000000e+00 1.002283733176250191e+00
2.609375000000000000e+00 1.005345175992755191e+00
2.625000000000000000e+00 1.004555481609882950e+00
2.640625000000000000e+00 1.003545695812454674e+00
2.656250000000000000e+00 9.979660859063144152e-01
2.671875000000000000e+00 9.929749191690275811e-01
2.687500000000000000e+00 9.825648541392655311e-01
2.703125000000000000e+00 9.737356833818019419e-01
2.718750000000000000e+00 9.584752509331401216e-01
2.734375000000000000e+00 9.460110433719842726e-01
2.750000000000000000e+00 9.258918270755747137e-01
2.765625000000000000e+00 9.100653345209185341e-01
2.781250000000000000e+00 8.850748614148843396e-01
2.796875000000000000e+00 8.662469295170984740e-01
2.812500000000000000e+00 8.363408616899972170e-01
2.828125000000000000e+00 8.149956658780821428e-01
2.843750000000000000e+00 7.800441245012834646e-01
2.859375000000000000e+00 7.568631046113627470e-01
2.875000000000000000e+00 7.165350908489707127e-01
2.890625000000000000e+00 6.925719759814823462e-01
2.906250000000000000e+00 6.460441632626394703e-01
2.921875000000000000e+00 6.232224840485872663e-01
2.937500000000000000e+00 5.682437997978158073e-01
2.953125000000000000e+00 5.512885978992981828e-01
2.968750000000000000e+00 4.794777892848205991e-01
2.984375000000000000e+00 4.910976411243950235e-01
3.000000000000000000e+00 1.594865390948638495e-01
3.015625000000000000e+00 -3.535635756890071618e-02
3.031250000000000000e+00 1.909791432418433271e-02
3.046875000000000000e+00 -1.288320351505247742e-02
3.062500000000000000e+00 9.627510454084697508e-03
3.078125000000000000e+00 -7.613752510650254393e-03
3.093750000000000000e+00 6.245303334950824681e-03
3.109375000000000000e+00 -5.242590082790080444e-03
3.125000000000000000e+00 4.479268887352690250e-03
3.140625000000000000e+00 -3.868511170166594182e-03
3.156250000000000000e+00 3.373714463508749491e-03
3.171875000000000000e+00 -2.955973919455675419e-03
3.187500000000000000e+00 2.604477475258755535e-03
3.203125000000000000e+00 -2.297053926451888151e-03
3.218750000000000000e+00 2.032013345288745127e-03
3.234375000000000000e+00 -1.794616753327426661e-03
3.250000000000000000e+00 1.586646779752288712e-03
3.265625000000000000e+00 -1.397399291640393166e-03
3.281250000000000000e+00 1.229836906404658788e-03
3.296875000000000000e+00 -1.075868031176385265e-03
3.312500000000000000e+00 9.385719190792937055e-04
3.328125000000000000e+00 -8.118140221624124252e-04
3.343750000000000000e+00 6.982436164010456326e-04
3.359375000000000000e+00 -5.933586184104722378e-04
3.375000000000000000e+00 4.990748202302909813e-04
3.390625000000000000e+00 -4.123515580885694269e-04
3.406250000000000000e+00 3.341939696181325738e-04
3.421875000000000000e+00 -2.629259711569424695e-04
3.437500000000000000e+00 1.985370120375022206e-04
3.453125000000000000e+00 -1.406546769510859927e-04
3.468750000000000000e+00 8.819285656252220376e-05
3.484375000000000000e+00 -4.203817754124419099e-05
3.500000000000000000e+00 -7.401486830834376525e-17
3.515625000000000000e+00 5.078255267550642338e-05
3.531250000000000000e+00 -1.140679705603867835e-04
3.546875000000000000e+00 1.788909352733458746e-04
3.562500000000000000e+00 -2.568912542936599994e-04
3.578125000000000000e+00 3.377336649025656232e-04
3.593750000000000000e+00 -4.325736558780471927e-04
3.609375000000000000e+00 5.318465278748943934e-04
3.625000000000000000e+00 -6.461873221298060094e-04
3.640625000000000000e+00 7.669633112424485439e-04
3.656250000000000000e+00 -9.042932892281048147e-04
3.671875000000000000e+00 1.050676432632347002e-03
3.687500000000000000e+00 -1.215785742840906018e-03
3.703125000000000000e+00 1.393524874789016767e-03
3.718750000000000000e+00 -1.593307420685234014e-03
3.734375000000000000e+00 1.810855960064398310e-03
3.750000000000000000e+00 -2.055729120537345359e-03
3.765625000000000000e+00 2.326174302237138392e-03
3.781250000000000000e+00 -2.632745149800497231e-03
3.796875000000000000e+00 2.977561631805292208e-03
3.812500000000000000e+00 -3.374025557287089420e-03
3.828125000000000000e+00 3.831029781957040470e-03
3.843750000000000000e+00 -4.369222643961926181e-03
3.859375000000000000e+00 5.011435315760426334e-03
3.875000000000000000e+00 -5.797505752815086850e-03
3.890625000000000000e+00 6.785366052095638707e-03
3.906250000000000000e+00 -8.073788196779840831e-03
3.921875000000000000e+00 9.836797655338253704e-03
3.937500000000000000e+00 -1.241520412533033205e-02
3.953125000000000000e+00 1.657773977272106875e-02
3.968750000000000000e+00 -2.446408506610442402e-02
3.984375000000000000e+00 4.490372099386578247e-02
4.000000000000000000e+00 -3.333041028512957471e-01
4.015625000000000000e+00 -5.449032352973310900e-01
4.031250000000000000e+00 -4.328241585012159165e-01
4.046875000000000000e+00 -4.319185506340657010e-01
4.062500000000000000e+00 -3.593071745206640744e-01
4.078125000000000000e+00 -3.375492200607832505e-01
4.093750000000000000e+00 -2.746348521584165980e-01
4.109375000000000000e+00 -2.440616316274717978e-01
4.125000000000000000e+00 -1.853815449146770933e-01
4.140625000000000000e+00 -1.497851295009602901e-01
4.156250000000000000e+00 -9.359100890614564794e-02
4.171875000000000000e+00 -5.483699259451588898e-02
4.187500000000000000e+00 -5.028823543938850749e-04
4.203125000000000000e+00 4.022932709716624949e-02
4.218750000000000000e+00 9.287522883814269825e-02
4.234375000000000000e+00 1.347126216401913212e-01
4.250000000000000000e+00 1.856261426502501810e-01
4.265625000000000000e+00 2.278554411002234326e-01
4.281250000000000000e+00 2.768800801531113298e-01
4.296875000000000000e+00 3.188826759624207030e-01
4.312500000000000000e+00 3.658015990636195314e-01
4.328125000000000000e+00 4.070222162537969202e-01
4.343750000000000000e+00 4.515874122109380662e-01
4.359375000000000000e+00 4.915184291329491861e-01
4.375000000000000000e+00 5.334686336775744664e-01
4.390625000000000000e+00 5.716423121219118553e-01
4.406250000000000000e+00 6.107149177246116167e-01
4.421875000000000000e+00 6.466998668105221615e-01
4.437500000000000000e+00 6.826393673405087847e-01
4.453125000000000000e+00 7.160393577133865595e-01
4.468750000000000000e+00 7.486036582721784516e-01
4.484375000000000000e+00 7.790577524134940646e-01
4.500000000000000000e+00 8.080230760908957421e-01
4.515625000000000000e+00 8.352212733074871887e-01
4.531250000000000000e+00 8.603222862768216128e-01
4.546875000000000000e+00 8.840890744351850294e-01
4.562500000000000000e+00 9.050295312216729560e-01
4.578125000000000000e+00 9.252314159344751099e-01
4.593750000000000000e+00 9.417456675799045218e-01
4.609375000000000000e+00 9.582941507772766432e-01
4.625000000000000000e+00 9.701402105246019758e-01
4.640625000000000000e+00 9.829959207803750099e-01
4.656250000000000000e+00 9.899535507951791047e-01
4.671875000000000000e+00 9.991314901465937481e-01
4.687500000000000000e+00 1.000998140664127067e+00
4.703125000000000000e+00 1.006574948705762473e+00
4.718750000000000000e+00 1.003158329148594818e+00
4.734375000000000000e+00 1.005283188869817046e+00
4.750000000000000000e+00 9.963882345343852975e-01
4.765625000000000000e+00 9.953005114254471764e-01
4.781250000000000000e+00 9.807063696991239476e-01
4.796875000000000000e+00 9.767662779412257246e-01
4.812500000000000000e+00 9.561840551087202877e-01
4.828125000000000000e+00 9.499303005905380681e-01
4.843750000000000000e+00 9.229199763691868785e-01
4.859375000000000000e+00 9.151888849633446066e-01
4.875000000000000000e+00 8.809782131678609574e-01
4.890625000000000000e+00 8.731833448071366632e-01
4.906250000000000000e+00 8.302081387805234636e-01
4.921875000000000000e+00 8.251321493301810861e-01
4.937500000000000000e+00 7.695527946162661337e-01
4.953125000000000000e+00 7.744212215855530435e-01
4.968750000000000000e+00 6.926371700198414860e-01
4.984375000000000000e+00 7.433504811090957398e-01
5.000000000000000000e+00 2.485851219771468001e-01
5.015625000000000000e+00 -5.541200313735495514e-02
5.031250000000000000e+00 3.000090945783582402e-02
5.046875000000000000e+00 -2.026313139991927151e-02
5.062500000000000000e+00 1.515141846991041076e-02
5.078125000000000000e+00 -1.198840105962106425e-02
5.093750000000000000e+00 9.835347958552835557e-03
5.109375000000000000e+00 -8.258861920385095548e-03
5.125000000000000000e+00 7.056401256411188629e-03
5.140625000000000000e+00 -6.095726153570237352e-03
5.156250000000000000e+00 5.315649138271871799e-03
5.171875000000000000e+00 -4.658393749092475805e-03
5.187500000000000000e+00 4.103975921852927485e-03
5.203125000000000000e+00 -3.620156022105097075e-03
5.218750000000000000e+00 3.202032382140842463e-03
5.234375000000000000e+00 -2.828281202157938157e-03
5.250000000000000000e+00 2.500232194780620254e-03
5.265625000000000000e+00 -2.202124960714092229e-03
5.281250000000000000e+00 1.937931360530505999e-03
5.296875000000000000e+00 -1.695209676445453510e-03
5.312500000000000000e+00 1.478908301733103262e-03
5.328125000000000000e+00 -1.278871041710172209e-03
5.343750000000000000e+00 1.100162246472477859e-03
5.359375000000000000e+00 -9.344051474250549341e-04
5.375000000000000000e+00 7.862947033200273165e-04
5.390625000000000000e+00 -6.489758052641341141e-04
5.406250000000000000e+00 5.264804672759281975e-04
5.421875000000000000e+00 -4.133410140034434908e-04
5.437500000000000000e+00 3.127396804128235522e-04
5.453125000000000000e+00 -2.205251940679009708e-04
5.468750000000000000e+00 1.389076682726335908e-04
5.484375000000000000e+00 -6.501328721730768585e-05
